values : 1  80  982
values : 1  163  8164
values : 1  170  2620
values : 1  145  648
values : 1  200  8021
values : 1  173  2069
values : 1  92  647
values : 1  26  4122
values : 1  140  546
values : 1  11  1913
values : 1  160  6461
values : 1  27  7905
values : 1  40  9047
values : 1  150  2183
values : 1  61  9146
values : 1  159  7420
values : 1  198  1724
values : 1  114  508
values : 1  104  6647
values : 1  30  4612
values : 1  99  2367
values : 1  138  7896
values : 1  169  8700
values : 1  49  2437
values : 1  125  2909
values : 1  117  2597
values : 1  55  6399
values : 2  42  1689
values : 2  127  9365
values : 2  5  8026
values : 2  170  9342
values : 2  131  7005
values : 2  172  1438
values : 2  34  315
values : 2  30  2455
values : 2  26  2328
values : 2  6  8847
values : 2  11  1873
values : 2  17  5409
values : 2  157  8643
values : 2  159  1397
values : 2  142  7731
values : 2  182  7908
values : 2  93  8177
values : 3  57  1239
values : 3  101  3381
values : 3  43  7313
values : 3  41  7212
values : 3  91  2483
values : 3  31  3031
values : 3  167  3877
values : 3  106  6521
values : 3  76  7729
values : 3  122  9640
values : 3  144  285
values : 3  44  2165
values : 3  6  9006
values : 3  177  7097
values : 3  119  7711
values : 4  162  3924
values : 4  70  5285
values : 4  195  2490
values : 4  72  6508
values : 4  126  2625
values : 4  121  7639
values : 4  31  399
values : 4  118  3626
values : 4  90  9446
values : 4  127  6808
values : 4  135  7582
values : 4  159  6133
values : 4  106  4769
values : 4  52  9267
values : 4  190  7536
values : 4  78  8058
values : 4  75  7044
values : 4  116  6771
values : 4  49  619
values : 4  107  4383
values : 4  89  6363
values : 4  54  313
values : 5  200  4009
values : 5  112  1522
values : 5  25  3496
values : 5  23  9432
values : 5  64  7836
values : 5  56  8262
values : 5  120  1862
values : 5  2  8026
values : 5  90  8919
values : 5  142  1195
values : 5  81  2469
values : 5  182  8806
values : 5  17  2514
values : 5  83  8407
values : 5  146  5308
values : 5  147  1087
values : 5  51  22
values : 6  141  8200
values : 6  98  5594
values : 6  66  6627
values : 6  159  9500
values : 6  143  3110
values : 6  129  8525
values : 6  118  8547
values : 6  88  2039
values : 6  83  4949
values : 6  165  6473
values : 6  162  6897
values : 6  184  8021
values : 6  123  13
values : 6  176  3512
values : 6  195  2233
values : 6  42  7265
values : 6  47  274
values : 6  132  1514
values : 6  2  8847
values : 6  171  3722
values : 6  3  9006
values : 7  156  7027
values : 7  187  9522
values : 7  87  4976
values : 7  121  8739
values : 7  56  6616
values : 7  10  2904
values : 7  71  8206
values : 7  53  179
values : 7  146  4823
values : 7  165  6019
values : 7  125  5670
values : 7  27  4888
values : 7  63  9920
values : 7  150  9031
values : 7  84  4061
values : 8  152  1257
values : 8  189  2780
values : 8  58  4708
values : 8  26  8342
values : 8  199  1918
values : 8  31  3987
values : 8  35  3160
values : 8  71  5829
values : 8  27  3483
values : 8  69  8815
values : 8  130  55
values : 8  168  2076
values : 8  122  5338
values : 8  73  4528
values : 8  28  9996
values : 8  17  3535
values : 8  40  3193
values : 8  72  7308
values : 8  24  8434
values : 8  87  2833
values : 8  25  3949
values : 8  175  1022
values : 8  177  8508
values : 9  152  1087
values : 9  115  7827
values : 9  17  7002
values : 9  72  794
values : 9  150  4539
values : 9  190  3613
values : 9  95  9480
values : 9  36  5284
values : 9  166  8702
values : 9  63  1753
values : 9  199  70
values : 9  131  700
values : 9  76  9340
values : 9  70  2
values : 9  139  8701
values : 9  140  4163
values : 9  180  5995
values : 10  57  9988
values : 10  78  3771
values : 10  62  4816
values : 10  137  5273
values : 10  7  2904
values : 10  187  4786
values : 10  184  3207
values : 10  96  807
values : 10  31  1184
values : 10  88  2539
values : 10  135  4650
values : 10  168  9495
values : 10  164  3866
values : 10  11  8988
values : 10  116  1493
values : 10  51  5578
values : 10  171  2029
values : 11  1  1913
values : 11  185  2045
values : 11  77  815
values : 11  22  8425
values : 11  181  8448
values : 11  47  8727
values : 11  81  7299
values : 11  150  4802
values : 11  178  1696
values : 11  28  2275
values : 11  183  594
values : 11  131  833
values : 11  157  8497
values : 11  25  5057
values : 11  59  3203
values : 11  10  8988
values : 11  2  1873
values : 11  134  294
values : 11  83  4211
values : 11  124  6180
values : 12  78  5753
values : 12  17  4602
values : 12  62  5676
values : 12  16  8068
values : 12  60  5933
values : 12  67  371
values : 12  71  6734
values : 12  53  7001
values : 12  72  3626
values : 12  34  6690
values : 12  59  761
values : 12  18  1520
values : 12  128  7542
values : 12  38  6699
values : 12  57  9416
values : 13  144  9987
values : 13  59  9801
values : 13  97  7026
values : 13  50  758
values : 13  43  5400
values : 13  163  3870
values : 13  178  4194
values : 13  151  9629
values : 13  45  1794
values : 13  105  6821
values : 13  29  2784
values : 13  172  2070
values : 13  57  6850
values : 13  77  8638
values : 13  135  861
values : 14  149  4352
values : 14  187  4874
values : 14  26  3841
values : 14  128  9662
values : 14  155  4446
values : 14  118  373
values : 14  123  2733
values : 14  106  7912
values : 14  169  4333
values : 14  53  9197
values : 14  161  4275
values : 14  126  9602
values : 14  73  4106
values : 14  160  7860
values : 14  131  358
values : 14  141  4477
values : 14  119  960
values : 14  43  3199
values : 14  47  7898
values : 14  175  6718
values : 14  177  6741
values : 14  60  2464
values : 14  127  5682
values : 14  31  1945
values : 14  143  5848
values : 14  94  3551
values : 14  82  3283
values : 15  42  1789
values : 15  22  3571
values : 15  25  7019
values : 15  163  818
values : 15  56  2334
values : 15  100  809
values : 15  143  1041
values : 15  107  4589
values : 15  190  6854
values : 15  169  7485
values : 15  94  9606
values : 15  34  7961
values : 15  54  8983
values : 15  157  2136
values : 15  24  8040
values : 16  200  2848
values : 16  198  2223
values : 16  92  2896
values : 16  18  8663
values : 16  27  8673
values : 16  75  4116
values : 16  150  1680
values : 16  36  1555
values : 16  41  2747
values : 16  90  4558
values : 16  68  5894
values : 16  12  8068
values : 16  42  2596
values : 16  185  6280
values : 16  171  3482
values : 16  109  1469
values : 16  127  9807
values : 16  178  1714
values : 16  35  839
values : 16  56  9828
values : 16  134  5203
values : 16  55  6680
values : 16  110  4252
values : 17  26  1275
values : 17  45  5114
values : 17  142  8016
values : 17  83  4615
values : 17  140  6440
values : 17  8  3535
values : 17  69  3610
values : 17  153  8545
values : 17  9  7002
values : 17  12  4602
values : 17  173  7312
values : 17  114  8915
values : 17  108  1942
values : 17  54  3115
values : 17  66  6176
values : 17  190  7000
values : 17  70  3899
values : 17  5  2514
values : 17  178  7464
values : 17  166  4762
values : 17  2  5409
values : 17  146  5362
values : 17  117  6266
values : 18  57  4216
values : 18  80  5252
values : 18  86  7517
values : 18  62  1926
values : 18  120  44
values : 18  173  7256
values : 18  133  2702
values : 18  148  589
values : 18  167  7625
values : 18  16  8663
values : 18  170  4989
values : 18  118  6388
values : 18  142  332
values : 18  95  6122
values : 18  99  5717
values : 18  154  453
values : 18  150  5150
values : 18  149  2664
values : 18  146  9000
values : 18  171  4403
values : 18  111  785
values : 18  12  1520
values : 19  33  6938
values : 19  77  7013
values : 19  187  107
values : 19  109  8397
values : 19  88  2002
values : 19  95  8691
values : 19  132  3157
values : 19  195  5038
values : 19  154  4320
values : 19  23  8560
values : 19  152  9751
values : 19  185  5896
values : 19  119  7406
values : 19  160  3997
values : 19  80  62
values : 20  66  2667
values : 20  173  2676
values : 20  43  8105
values : 20  135  6434
values : 20  33  6387
values : 20  74  6183
values : 20  106  8785
values : 20  75  2484
values : 20  130  9048
values : 20  56  7194
values : 20  50  9507
values : 20  88  3014
values : 20  124  392
values : 20  61  2580
values : 20  90  7372
values : 20  92  1704
values : 20  87  2639
values : 20  154  2398
values : 20  41  4203
values : 20  85  1435
values : 20  169  5990
values : 20  166  6086
values : 20  28  2234
values : 20  145  8099
values : 21  23  5183
values : 21  40  2199
values : 21  31  2556
values : 21  71  4986
values : 21  165  2151
values : 21  193  494
values : 21  154  1845
values : 21  111  3060
values : 21  85  2880
values : 21  101  2775
values : 21  182  2447
values : 21  80  9884
values : 21  87  2681
values : 21  102  6643
values : 21  131  3748
values : 22  92  5592
values : 22  64  4257
values : 22  11  8425
values : 22  24  594
values : 22  15  3571
values : 22  42  3783
values : 22  41  1374
values : 22  114  9960
values : 22  144  9362
values : 22  146  3620
values : 22  71  3243
values : 22  143  8603
values : 22  131  6075
values : 22  192  4606
values : 22  108  9656
values : 22  168  4356
values : 22  177  8713
values : 22  132  1560
values : 23  143  7543
values : 23  161  6863
values : 23  45  8074
values : 23  165  208
values : 23  21  5183
values : 23  118  5079
values : 23  40  8336
values : 23  27  9054
values : 23  112  3201
values : 23  135  4560
values : 23  167  2133
values : 23  188  4236
values : 23  166  8077
values : 23  195  3179
values : 23  48  4485
values : 23  137  7591
values : 23  99  6485
values : 23  5  9432
values : 23  71  3316
values : 23  96  2431
values : 23  125  922
values : 23  19  8560
values : 24  141  6862
values : 24  197  9337
values : 24  66  5879
values : 24  59  6941
values : 24  70  4670
values : 24  55  4106
values : 24  103  8083
values : 24  61  7906
values : 24  48  7959
values : 24  151  784
values : 24  177  393
values : 24  102  8731
values : 24  199  2838
values : 24  73  3509
values : 24  8  8434
values : 24  187  9327
values : 24  22  594
values : 24  150  5669
values : 24  164  7312
values : 24  157  9540
values : 24  15  8040
values : 25  115  9233
values : 25  197  3875
values : 25  185  3573
values : 25  72  2332
values : 25  104  4899
values : 25  137  5378
values : 25  8  3949
values : 25  5  3496
values : 25  77  2729
values : 25  136  9251
values : 25  143  108
values : 25  83  9569
values : 25  15  7019
values : 25  48  3214
values : 25  155  3242
values : 25  153  2477
values : 25  129  3005
values : 25  132  219
values : 25  11  5057
values : 25  37  1591
values : 25  68  4188
values : 26  14  3841
values : 26  8  8342
values : 26  1  4122
values : 26  147  5759
values : 26  113  5553
values : 26  157  7
values : 26  65  9434
values : 26  116  4221
values : 26  66  2747
values : 26  138  7027
values : 26  145  6697
values : 26  130  5706
values : 26  60  701
values : 26  127  9896
values : 26  136  7200
values : 26  17  1275
values : 26  120  5788
values : 26  175  6165
values : 26  70  9252
values : 26  95  36
values : 26  106  6940
values : 26  2  2328
values : 26  96  425
values : 26  51  9329
values : 26  183  4842
values : 26  196  6754
values : 27  23  9054
values : 27  78  3066
values : 27  8  3483
values : 27  1  7905
values : 27  152  2124
values : 27  108  9929
values : 27  63  3896
values : 27  151  5915
values : 27  111  3101
values : 27  34  8912
values : 27  182  6234
values : 27  133  7749
values : 27  16  8673
values : 27  192  5344
values : 27  114  714
values : 27  168  1578
values : 27  175  210
values : 27  138  5918
values : 27  7  4888
values : 27  122  84
values : 28  8  9996
values : 28  188  3816
values : 28  116  2638
values : 28  132  5604
values : 28  20  2234
values : 28  178  3642
values : 28  76  3705
values : 28  122  9165
values : 28  184  4164
values : 28  198  366
values : 28  161  9217
values : 28  160  9059
values : 28  56  5375
values : 28  120  8874
values : 28  11  2275
values : 28  111  4495
values : 28  193  9441
values : 28  157  6880
values : 28  48  2803
values : 29  78  8190
values : 29  144  6452
values : 29  114  9478
values : 29  156  5083
values : 29  62  9692
values : 29  121  4537
values : 29  184  9797
values : 29  109  6873
values : 29  153  5446
values : 29  67  3449
values : 29  172  5830
values : 29  111  1005
values : 29  100  1642
values : 29  148  3252
values : 29  13  2784
values : 30  78  5469
values : 30  119  7372
values : 30  144  1616
values : 30  130  1356
values : 30  59  4458
values : 30  40  9818
values : 30  79  503
values : 30  43  6233
values : 30  148  4760
values : 30  42  263
values : 30  1  4612
values : 30  57  5668
values : 30  185  3846
values : 30  101  6979
values : 30  94  6976
values : 30  106  7819
values : 30  2  2455
values : 30  71  9294
values : 31  4  399
values : 31  8  3987
values : 31  50  2598
values : 31  75  7688
values : 31  47  7840
values : 31  99  8583
values : 31  190  5055
values : 31  112  5231
values : 31  114  7617
values : 31  118  6949
values : 31  180  3598
values : 31  21  2556
values : 31  199  5564
values : 31  14  1945
values : 31  3  3031
values : 31  35  9855
values : 31  10  1184
values : 31  146  2837
values : 31  51  3739
values : 31  83  6588
values : 31  46  5964
values : 32  136  3823
values : 32  77  1689
values : 32  92  3395
values : 32  121  1615
values : 32  85  7494
values : 32  173  9631
values : 32  177  6902
values : 32  88  8129
values : 32  36  7329
values : 32  116  6065
values : 32  61  3332
values : 32  68  7352
values : 32  119  1914
values : 32  82  8571
values : 32  70  9909
values : 33  144  4841
values : 33  173  5949
values : 33  170  3648
values : 33  113  652
values : 33  110  1986
values : 33  82  3577
values : 33  61  1837
values : 33  97  5671
values : 33  55  1252
values : 33  19  6938
values : 33  48  914
values : 33  74  3642
values : 33  125  67
values : 33  89  3089
values : 33  176  3258
values : 33  20  6387
values : 33  138  6960
values : 33  153  6574
values : 33  171  3913
values : 34  86  6435
values : 34  156  8641
values : 34  72  2540
values : 34  181  5267
values : 34  27  8912
values : 34  58  8824
values : 34  179  8528
values : 34  62  9864
values : 34  70  2348
values : 34  57  5471
values : 34  53  236
values : 34  168  3923
values : 34  101  3383
values : 34  142  7791
values : 34  55  7174
values : 34  2  315
values : 34  147  9758
values : 34  15  7961
values : 34  199  8196
values : 34  12  6690
values : 35  57  3693
values : 35  8  3160
values : 35  144  3087
values : 35  114  490
values : 35  65  8910
values : 35  178  5774
values : 35  172  992
values : 35  16  839
values : 35  118  8640
values : 35  41  6749
values : 35  31  9855
values : 35  39  853
values : 35  64  6071
values : 35  166  2816
values : 35  184  7437
values : 35  49  3098
values : 35  182  7369
values : 35  110  4985
values : 35  93  8775
values : 36  80  2032
values : 36  130  7589
values : 36  123  6226
values : 36  16  1555
values : 36  150  116
values : 36  88  7759
values : 36  100  8612
values : 36  9  5284
values : 36  198  6280
values : 36  49  953
values : 36  143  5111
values : 36  42  4917
values : 36  134  979
values : 36  159  6043
values : 36  32  7329
values : 36  67  2380
values : 36  148  9550
values : 36  48  7266
values : 37  197  9188
values : 37  119  9313
values : 37  187  4105
values : 37  191  3573
values : 37  109  2135
values : 37  75  751
values : 37  200  7541
values : 37  139  8208
values : 37  155  609
values : 37  142  6433
values : 37  25  1591
values : 37  132  821
values : 37  156  7714
values : 37  107  1144
values : 37  99  7757
values : 38  91  7087
values : 38  88  502
values : 38  132  6092
values : 38  126  5441
values : 38  147  8391
values : 38  12  6699
values : 38  130  5227
values : 38  146  4400
values : 38  108  8712
values : 38  100  1369
values : 38  134  4730
values : 38  87  2975
values : 38  99  6169
values : 38  183  5213
values : 38  109  4945
values : 39  200  4319
values : 39  98  3993
values : 39  130  2414
values : 39  40  2489
values : 39  196  9267
values : 39  133  8145
values : 39  82  3528
values : 39  44  9175
values : 39  42  5464
values : 39  127  6103
values : 39  93  6132
values : 39  180  9506
values : 39  192  7454
values : 39  119  1376
values : 39  115  983
values : 39  81  7400
values : 39  35  853
values : 40  23  8336
values : 40  1  9047
values : 40  120  7760
values : 40  101  2885
values : 40  21  2199
values : 40  144  7772
values : 40  96  5739
values : 40  136  4658
values : 40  184  4306
values : 40  189  4263
values : 40  30  9818
values : 40  39  2489
values : 40  108  8883
values : 40  8  3193
values : 40  80  9657
values : 40  181  2338
values : 40  162  3056
values : 40  71  2826
values : 40  68  5800
values : 41  200  2622
values : 41  78  63
values : 41  66  4654
values : 41  198  7215
values : 41  59  284
values : 41  75  7333
values : 41  22  1374
values : 41  181  5235
values : 41  16  2747
values : 41  154  901
values : 41  150  7278
values : 41  3  7212
values : 41  103  7917
values : 41  163  5256
values : 41  20  4203
values : 41  91  7776
values : 41  35  6749
values : 41  147  1858
values : 41  165  3741
values : 41  107  8116
values : 42  160  2382
values : 42  156  6539
values : 42  6  7265
values : 42  15  1789
values : 42  61  8096
values : 42  164  347
values : 42  194  6498
values : 42  172  5383
values : 42  104  2726
values : 42  124  3496
values : 42  161  4792
values : 42  159  5951
values : 42  117  7074
values : 42  2  1689
values : 42  186  9391
values : 42  62  3249
values : 42  79  9404
values : 42  39  5464
values : 42  187  3075
values : 42  22  3783
values : 42  30  263
values : 42  16  2596
values : 42  137  4572
values : 42  163  1278
values : 42  60  6663
values : 42  70  9396
values : 42  36  4917
values : 42  73  9154
values : 43  200  8943
values : 43  159  9621
values : 43  97  3906
values : 43  20  8105
values : 43  164  6849
values : 43  13  5400
values : 43  3  7313
values : 43  133  8488
values : 43  108  8964
values : 43  30  6233
values : 43  79  5052
values : 43  131  8231
values : 43  167  8120
values : 43  14  3199
values : 43  130  2685
values : 43  138  7965
values : 43  177  9544
values : 43  143  1171
values : 43  65  5805
values : 43  118  8008
values : 43  140  4482
values : 43  93  8479
values : 44  197  4900
values : 44  144  2276
values : 44  198  2619
values : 44  39  9175
values : 44  87  7875
values : 44  191  8130
values : 44  166  6953
values : 44  170  6940
values : 44  163  18
values : 44  79  9988
values : 44  145  2888
values : 44  173  5518
values : 44  57  9979
values : 44  82  3134
values : 44  54  4113
values : 44  3  2165
values : 45  57  4630
values : 45  23  8074
values : 45  112  9496
values : 45  130  4994
values : 45  86  8207
values : 45  17  5114
values : 45  120  5279
values : 45  169  662
values : 45  162  3436
values : 45  170  8060
values : 45  118  5918
values : 45  124  3290
values : 45  110  8317
values : 45  13  1794
values : 45  167  1163
values : 46  57  2413
values : 46  152  9550
values : 46  86  7512
values : 46  123  132
values : 46  138  2860
values : 46  195  8206
values : 46  176  9923
values : 46  119  2687
values : 46  54  9328
values : 46  196  9632
values : 46  73  5109
values : 46  31  5964
values : 46  173  2969
values : 46  193  199
values : 46  80  7968
values : 46  194  2429
values : 47  57  9584
values : 47  114  9480
values : 47  145  9483
values : 47  190  5892
values : 47  182  8382
values : 47  31  7840
values : 47  129  9533
values : 47  142  5297
values : 47  58  1229
values : 47  146  2959
values : 47  6  274
values : 47  14  7898
values : 47  189  5939
values : 47  11  8727
values : 47  76  2138
values : 47  70  2236
values : 48  152  5835
values : 48  23  4485
values : 48  33  914
values : 48  24  7959
values : 48  25  3214
values : 48  135  8869
values : 48  53  3578
values : 48  162  201
values : 48  28  2803
values : 48  141  7941
values : 48  36  7266
values : 48  85  2792
values : 48  86  3588
values : 48  124  2593
values : 48  130  7921
values : 49  160  8648
values : 49  154  2962
values : 49  109  7520
values : 49  36  953
values : 49  178  9747
values : 49  192  3113
values : 49  112  2935
values : 49  35  3098
values : 49  71  3441
values : 49  4  619
values : 49  96  9901
values : 49  171  9736
values : 49  163  4688
values : 49  1  2437
values : 49  133  5167
values : 49  117  2896
values : 49  105  9278
values : 50  152  5767
values : 50  112  6454
values : 50  185  3968
values : 50  77  5220
values : 50  20  9507
values : 50  165  2667
values : 50  98  990
values : 50  187  2485
values : 50  198  3798
values : 50  13  758
values : 50  128  2987
values : 50  189  7031
values : 50  52  9931
values : 50  127  3622
values : 50  31  2598
values : 50  179  2502
values : 50  191  5026
values : 50  153  4905
values : 51  80  7589
values : 51  72  4882
values : 51  137  1096
values : 51  138  8755
values : 51  109  662
values : 51  67  4225
values : 51  181  158
values : 51  132  6107
values : 51  189  8899
values : 51  159  3017
values : 51  5  22
values : 51  10  5578
values : 51  31  3739
values : 51  120  5675
values : 51  26  9329
values : 51  176  1625
values : 52  4  9267
values : 52  115  4973
values : 52  159  7816
values : 52  185  8925
values : 52  188  7805
values : 52  97  9063
values : 52  50  9931
values : 52  137  9846
values : 52  91  424
values : 52  150  634
values : 52  56  2416
values : 52  107  3647
values : 52  68  7601
values : 52  168  1134
values : 52  179  3504
values : 53  14  9197
values : 53  114  7352
values : 53  156  4662
values : 53  62  153
values : 53  85  1227
values : 53  177  9852
values : 53  34  236
values : 53  7  179
values : 53  12  7001
values : 53  48  3578
values : 53  71  9285
values : 53  86  7353
values : 53  150  662
values : 53  183  5304
values : 53  125  8054
values : 53  54  8361
values : 54  197  2223
values : 54  66  2906
values : 54  136  1794
values : 54  188  4883
values : 54  17  3115
values : 54  109  7832
values : 54  44  4113
values : 54  182  438
values : 54  15  8983
values : 54  200  4899
values : 54  112  2279
values : 54  169  2296
values : 54  4  313
values : 54  53  8361
values : 54  138  6261
values : 54  46  9328
values : 55  33  1252
values : 55  188  5181
values : 55  101  6050
values : 55  24  4106
values : 55  169  7795
values : 55  149  3088
values : 55  34  7174
values : 55  193  8583
values : 55  1  6399
values : 55  145  3342
values : 55  105  8477
values : 55  166  3686
values : 55  121  44
values : 55  16  6680
values : 55  82  3547
values : 56  101  3516
values : 56  20  7194
values : 56  179  5284
values : 56  127  3031
values : 56  5  8262
values : 56  161  9811
values : 56  16  9828
values : 56  15  2334
values : 56  52  2416
values : 56  7  6616
values : 56  77  7923
values : 56  182  7267
values : 56  88  3375
values : 56  61  1315
values : 56  117  1934
values : 56  28  5375
values : 56  124  552
values : 56  100  361
values : 57  18  4216
values : 57  94  558
values : 57  186  8815
values : 57  3  1239
values : 57  85  6678
values : 57  45  4630
values : 57  46  2413
values : 57  35  3693
values : 57  84  6563
values : 57  185  9772
values : 57  67  8012
values : 57  47  9584
values : 57  155  893
values : 57  64  810
values : 57  10  9988
values : 57  80  8722
values : 57  160  2058
values : 57  59  2689
values : 57  79  2330
values : 57  30  5668
values : 57  184  7592
values : 57  44  9979
values : 57  162  6483
values : 57  116  656
values : 57  34  5471
values : 57  106  4868
values : 57  131  6342
values : 57  183  9093
values : 57  13  6850
values : 57  12  9416
values : 58  152  5877
values : 58  98  3677
values : 58  8  4708
values : 58  130  7020
values : 58  59  5735
values : 58  121  8818
values : 58  47  1229
values : 58  102  6906
values : 58  150  4857
values : 58  90  7141
values : 58  86  5989
values : 58  175  3675
values : 58  79  2365
values : 58  34  8824
values : 58  186  8993
values : 58  125  1050
values : 58  74  7934
values : 58  147  2267
values : 58  193  6166
values : 59  86  1293
values : 59  147  2651
values : 59  149  2405
values : 59  141  9126
values : 59  112  4585
values : 59  58  5735
values : 59  74  4470
values : 59  24  6941
values : 59  199  8958
values : 59  57  2689
values : 59  13  9801
values : 59  162  391
values : 59  30  4458
values : 59  180  2435
values : 59  41  284
values : 59  72  7154
values : 59  101  1804
values : 59  87  4628
values : 59  168  4170
values : 59  99  671
values : 59  70  8055
values : 59  11  3203
values : 59  12  761
values : 60  200  3269
values : 60  98  2073
values : 60  26  701
values : 60  185  6670
values : 60  120  2231
values : 60  14  2464
values : 60  127  1402
values : 60  12  5933
values : 60  42  6663
values : 60  189  4415
values : 60  107  52
values : 60  146  2317
values : 60  112  2570
values : 60  154  6667
values : 60  177  5345
values : 60  172  2781
values : 61  1  9146
values : 61  159  49
values : 61  33  1837
values : 61  42  8096
values : 61  20  2580
values : 61  24  7906
values : 61  87  9053
values : 61  163  448
values : 61  190  9775
values : 61  155  5301
values : 61  173  4803
values : 61  115  3324
values : 61  196  5577
values : 61  171  6888
values : 61  32  3332
values : 61  56  1315
values : 61  131  6924
values : 61  195  8928
values : 62  97  9163
values : 62  53  153
values : 62  120  3851
values : 62  18  1926
values : 62  154  3238
values : 62  12  5676
values : 62  88  9007
values : 62  152  7404
values : 62  29  9692
values : 62  161  4144
values : 62  10  4816
values : 62  105  2736
values : 62  42  3249
values : 62  107  5324
values : 62  115  1913
values : 62  121  4145
values : 62  116  7419
values : 62  34  9864
values : 62  193  6610
values : 62  103  8383
values : 63  141  5607
values : 63  77  5873
values : 63  27  3896
values : 63  169  5160
values : 63  95  5264
values : 63  69  2323
values : 63  125  1315
values : 63  158  5709
values : 63  102  5806
values : 63  9  1753
values : 63  103  9314
values : 63  71  3007
values : 63  131  5257
values : 63  92  9006
values : 63  96  5638
values : 63  7  9920
values : 64  57  810
values : 64  98  3909
values : 64  97  2201
values : 64  22  4257
values : 64  120  2385
values : 64  177  7660
values : 64  83  2716
values : 64  81  9744
values : 64  111  2663
values : 64  145  2685
values : 64  130  2493
values : 64  148  6419
values : 64  106  256
values : 64  141  158
values : 64  86  414
values : 64  87  9403
values : 64  121  771
values : 64  102  4635
values : 64  5  7836
values : 64  67  2090
values : 64  35  6071
values : 64  131  4631
values : 64  182  4701
values : 64  110  6711
values : 65  152  3595
values : 65  66  6930
values : 65  26  9434
values : 65  97  6170
values : 65  123  9599
values : 65  175  7920
values : 65  155  5533
values : 65  102  1652
values : 65  77  4069
values : 65  198  3575
values : 65  81  3054
values : 65  199  11
values : 65  95  6605
values : 65  35  8910
values : 65  43  5805
values : 65  71  439
values : 65  134  9956
values : 65  74  6617
values : 65  165  3705
values : 65  140  5376
values : 66  80  2902
values : 66  68  8312
values : 66  142  777
values : 66  156  2965
values : 66  41  4654
values : 66  6  6627
values : 66  84  7710
values : 66  102  3328
values : 66  65  6930
values : 66  54  2906
values : 66  24  5879
values : 66  112  2271
values : 66  93  5873
values : 66  94  3424
values : 66  20  2667
values : 66  26  2747
values : 66  130  5826
values : 66  17  6176
values : 66  69  824
values : 66  89  3012
values : 67  57  8012
values : 67  102  5417
values : 67  175  5048
values : 67  153  6204
values : 67  12  371
values : 67  137  1414
values : 67  133  3802
values : 67  64  2090
values : 67  98  980
values : 67  200  475
values : 67  171  1394
values : 67  36  2380
values : 67  29  3449
values : 67  124  1880
values : 67  51  4225
values : 67  195  5737
values : 67  100  6216
values : 67  103  1468
values : 68  141  3540
values : 68  197  8223
values : 68  78  7924
values : 68  66  8312
values : 68  144  2277
values : 68  174  7082
values : 68  16  5894
values : 68  163  4920
values : 68  146  3895
values : 68  52  7601
values : 68  140  9624
values : 68  40  5800
values : 68  25  4188
values : 68  32  7352
values : 68  186  2528
values : 69  8  8815
values : 69  198  6284
values : 69  17  3610
values : 69  156  9959
values : 69  75  3354
values : 69  168  2357
values : 69  102  1172
values : 69  190  8022
values : 69  139  9030
values : 69  161  6171
values : 69  96  4815
values : 69  189  5215
values : 69  66  824
values : 69  94  1427
values : 69  63  2323
values : 70  4  5285
values : 70  24  4670
values : 70  148  7231
values : 70  26  9252
values : 70  17  3899
values : 70  59  8055
values : 70  47  2236
values : 70  42  9396
values : 70  175  3256
values : 70  149  2366
values : 70  92  96
values : 70  153  6532
values : 70  178  3394
values : 70  168  1295
values : 70  156  4830
values : 70  34  2348
values : 70  9  2
values : 70  124  9089
values : 70  32  9909
values : 70  183  5332
values : 71  8  5829
values : 71  22  3243
values : 71  138  1229
values : 71  81  1711
values : 71  170  1539
values : 71  49  3441
values : 71  23  3316
values : 71  134  7485
values : 71  12  6734
values : 71  30  9294
values : 71  21  4986
values : 71  142  6038
values : 71  65  439
values : 71  7  8206
values : 71  40  2826
values : 71  145  6127
values : 71  53  9285
values : 71  63  3007
values : 71  186  7143
values : 71  171  6702
values : 72  4  6508
values : 72  78  5839
values : 72  119  6215
values : 72  114  8350
values : 72  9  794
values : 72  8  7308
values : 72  113  8782
values : 72  102  3377
values : 72  34  2540
values : 72  25  2332
values : 72  59  7154
values : 72  172  3153
values : 72  89  4836
values : 72  178  5128
values : 72  51  4882
values : 72  120  2287
values : 72  174  2019
values : 72  153  541
values : 72  96  859
values : 72  146  4264
values : 72  171  8573
values : 72  157  604
values : 72  12  3626
values : 73  14  4106
values : 73  8  4528
values : 73  159  4969
values : 73  97  6534
values : 73  77  2438
values : 73  24  3509
values : 73  174  2581
values : 73  150  8061
values : 73  139  4428
values : 73  149  5233
values : 73  42  9154
values : 73  90  5133
values : 73  78  212
values : 73  194  8521
values : 73  172  2239
values : 73  46  5109
values : 74  159  8960
values : 74  33  3642
values : 74  59  4470
values : 74  20  6183
values : 74  99  7031
values : 74  179  1223
values : 74  93  5576
values : 74  164  8627
values : 74  58  7934
values : 74  65  6617
values : 74  110  6731
values : 74  108  8251
values : 74  165  2602
values : 74  121  1468
values : 74  182  1873
values : 74  176  8129
values : 75  115  9140
values : 75  141  9237
values : 75  80  2187
values : 75  86  259
values : 75  20  2484
values : 75  92  6095
values : 75  97  1883
values : 75  41  7333
values : 75  87  3244
values : 75  69  3354
values : 75  120  6892
values : 75  131  5902
values : 75  31  7688
values : 75  108  5943
values : 75  4  7044
values : 75  16  4116
values : 75  191  1403
values : 75  81  2609
values : 75  37  751
values : 76  115  7291
values : 76  185  3674
values : 76  181  3275
values : 76  47  2138
values : 76  143  1079
values : 76  28  3705
values : 76  125  1865
values : 76  178  8433
values : 76  3  7729
values : 76  114  9690
values : 76  100  1793
values : 76  200  4623
values : 76  199  6878
values : 76  138  5683
values : 76  141  1969
values : 76  126  9595
values : 76  9  9340
values : 76  83  4424
values : 76  89  6942
values : 77  112  3500
values : 77  160  105
values : 77  189  5702
values : 77  191  5135
values : 77  124  8896
values : 77  198  5081
values : 77  19  7013
values : 77  73  2438
values : 77  63  5873
values : 77  129  2337
values : 77  11  815
values : 77  133  2481
values : 77  192  561
values : 77  32  1689
values : 77  50  5220
values : 77  87  7040
values : 77  25  2729
values : 77  65  4069
values : 77  106  9161
values : 77  153  4483
values : 77  56  7923
values : 77  172  4771
values : 77  13  8638
values : 78  10  3771
values : 78  68  7924
values : 78  12  5753
values : 78  30  5469
values : 78  158  6367
values : 78  122  6207
values : 78  27  3066
values : 78  116  2732
values : 78  41  63
values : 78  72  5839
values : 78  161  6310
values : 78  4  8058
values : 78  104  1377
values : 78  83  3955
values : 78  29  8190
values : 78  98  6603
values : 78  154  8423
values : 78  137  1910
values : 78  135  6919
values : 78  73  212
values : 78  145  7244
values : 79  141  7918
values : 79  101  3205
values : 79  165  3768
values : 79  96  3059
values : 79  119  4117
values : 79  152  6519
values : 79  57  2330
values : 79  42  9404
values : 79  166  8726
values : 79  161  8395
values : 79  30  503
values : 79  89  5169
values : 79  134  5792
values : 79  117  9043
values : 79  129  7314
values : 79  43  5052
values : 79  109  9677
values : 79  58  2365
values : 79  44  9988
values : 79  167  820
values : 79  193  7737
values : 79  194  5784
values : 80  36  2032
values : 80  84  4645
values : 80  1  982
values : 80  115  1417
values : 80  151  6728
values : 80  112  5208
values : 80  51  7589
values : 80  152  9606
values : 80  113  917
values : 80  18  5252
values : 80  121  2257
values : 80  75  2187
values : 80  57  8722
values : 80  133  7217
values : 80  179  7729
values : 80  119  108
values : 80  66  2902
values : 80  40  9657
values : 80  97  7213
values : 80  172  7715
values : 80  89  7224
values : 80  19  62
values : 80  46  7968
values : 80  21  9884
values : 81  115  2608
values : 81  197  5540
values : 81  97  8866
values : 81  101  4493
values : 81  64  9744
values : 81  11  7299
values : 81  71  1711
values : 81  109  2519
values : 81  136  1409
values : 81  39  7400
values : 81  75  2609
values : 81  142  424
values : 81  141  4032
values : 81  183  3061
values : 81  184  4485
values : 81  95  7627
values : 81  5  2469
values : 81  143  9810
values : 81  65  3054
values : 81  89  6124
values : 82  33  3577
values : 82  130  3349
values : 82  156  4691
values : 82  39  3528
values : 82  173  591
values : 82  177  7882
values : 82  44  3134
values : 82  116  8491
values : 82  132  4162
values : 82  135  519
values : 82  131  3457
values : 82  128  6834
values : 82  32  8571
values : 82  55  3547
values : 82  14  3283
values : 83  78  3955
values : 83  6  4949
values : 83  185  9306
values : 83  17  4615
values : 83  64  2716
values : 83  25  9569
values : 83  149  6823
values : 83  5  8407
values : 83  167  8200
values : 83  117  8516
values : 83  165  1555
values : 83  151  162
values : 83  31  6588
values : 83  76  4424
values : 83  11  4211
values : 84  57  6563
values : 84  80  4645
values : 84  119  6417
values : 84  66  7710
values : 84  198  5999
values : 84  136  4270
values : 84  86  195
values : 84  104  5330
values : 84  154  5421
values : 84  137  4367
values : 84  95  3812
values : 84  159  8763
values : 84  170  2436
values : 84  107  2954
values : 84  85  9888
values : 84  134  9312
values : 84  7  4061
values : 85  57  6678
values : 85  160  3613
values : 85  156  6669
values : 85  168  6193
values : 85  136  6221
values : 85  180  5525
values : 85  32  7494
values : 85  118  1102
values : 85  192  544
values : 85  129  517
values : 85  93  2349
values : 85  87  7478
values : 85  189  1147
values : 85  53  1227
values : 85  20  1435
values : 85  167  8110
values : 85  133  836
values : 85  84  9888
values : 85  132  3873
values : 85  128  4644
values : 85  110  6060
values : 85  21  2880
values : 85  48  2792
values : 86  115  4291
values : 86  197  9714
values : 86  144  8808
values : 86  59  1293
values : 86  126  937
values : 86  189  1115
values : 86  18  7517
values : 86  45  8207
values : 86  46  7512
values : 86  177  7010
values : 86  180  4604
values : 86  75  259
values : 86  157  4447
values : 86  84  195
values : 86  34  6435
values : 86  120  5230
values : 86  64  414
values : 86  184  801
values : 86  58  5989
values : 86  142  1663
values : 86  53  7353
values : 86  117  4220
values : 86  48  3588
values : 87  160  8712
values : 87  119  518
values : 87  75  3244
values : 87  94  9647
values : 87  59  4628
values : 87  61  9053
values : 87  44  7875
values : 87  168  9716
values : 87  64  9403
values : 87  164  3629
values : 87  20  2639
values : 87  8  2833
values : 87  77  7040
values : 87  7  4976
values : 87  159  19
values : 87  85  7478
values : 87  191  6921
values : 87  88  8011
values : 87  167  1022
values : 87  158  4081
values : 87  110  1219
values : 87  21  2681
values : 87  38  2975
values : 88  6  2039
values : 88  62  9007
values : 88  20  3014
values : 88  113  7322
values : 88  136  9026
values : 88  32  8129
values : 88  38  502
values : 88  151  2295
values : 88  150  6770
values : 88  183  5547
values : 88  36  7759
values : 88  87  8011
values : 88  94  4629
values : 88  115  6611
values : 88  19  2002
values : 88  161  1726
values : 88  56  3375
values : 88  10  2539
values : 88  125  5012
values : 88  89  6267
values : 89  33  3089
values : 89  72  4836
values : 89  123  1723
values : 89  79  5169
values : 89  174  858
values : 89  76  6942
values : 89  4  6363
values : 89  199  2446
values : 89  105  2736
values : 89  66  3012
values : 89  180  6612
values : 89  80  7224
values : 89  163  4055
values : 89  88  6267
values : 89  81  6124
values : 90  152  4427
values : 90  4  9446
values : 90  115  1117
values : 90  119  928
values : 90  185  7284
values : 90  20  7372
values : 90  16  4558
values : 90  108  9076
values : 90  179  3149
values : 90  139  7846
values : 90  58  7141
values : 90  5  8919
values : 90  73  5133
values : 90  144  6223
values : 90  174  6914
values : 91  160  383
values : 91  181  5060
values : 91  174  3418
values : 91  113  4626
values : 91  95  1806
values : 91  3  2483
values : 91  192  6625
values : 91  52  424
values : 91  115  1105
values : 91  137  4129
values : 91  142  9164
values : 91  41  7776
values : 91  158  5553
values : 91  38  7087
values : 91  200  1988
values : 92  1  647
values : 92  130  4320
values : 92  108  1844
values : 92  134  610
values : 92  194  426
values : 92  177  3182
values : 92  75  6095
values : 92  20  1704
values : 92  94  6085
values : 92  128  556
values : 92  22  5592
values : 92  16  2896
values : 92  186  7980
values : 92  32  3395
values : 92  139  6763
values : 92  121  3819
values : 92  138  8080
values : 92  70  96
values : 92  63  9006
values : 93  66  5873
values : 93  39  6132
values : 93  181  4071
values : 93  154  4073
values : 93  85  2349
values : 93  106  7477
values : 93  74  5576
values : 93  150  9213
values : 93  98  6617
values : 93  147  7807
values : 93  43  8479
values : 93  152  6543
values : 93  35  8775
values : 93  167  5670
values : 93  2  8177
values : 94  57  558
values : 94  66  3424
values : 94  92  6085
values : 94  120  2733
values : 94  87  9647
values : 94  30  6976
values : 94  191  8318
values : 94  139  7116
values : 94  109  1299
values : 94  88  4629
values : 94  170  9318
values : 94  69  1427
values : 94  14  3551
values : 94  115  3350
values : 94  171  9959
values : 94  15  9606
values : 95  119  8126
values : 95  112  555
values : 95  120  1104
values : 95  18  6122
values : 95  91  1806
values : 95  173  4092
values : 95  196  231
values : 95  26  36
values : 95  147  1278
values : 95  19  8691
values : 95  125  2917
values : 95  9  9480
values : 95  63  5264
values : 95  81  7627
values : 95  84  3812
values : 95  65  6605
values : 95  105  6026
values : 96  40  5739
values : 96  79  3059
values : 96  104  9639
values : 96  113  712
values : 96  162  3737
values : 96  155  1251
values : 96  10  807
values : 96  49  9901
values : 96  151  5643
values : 96  23  2431
values : 96  72  859
